1.8895239004896718 0.9785566642333167 
2.390073683680653 1.2203705764185402 
1.7876868181298882 1.501313143878824 
2.095676468351951 0.5753335587296001 
2.659535073045377 1.4173151869003042 
2.374288277104972 2.906325745790233 
1.687918706076833 3.5415059406314198 
2.034625988689097 3.8503134608193337 
1.9616333755233504 0.7792266123721483 
2.4282659300915017 0.6737610512690563 
1.2989135423120624 2.323977464351149 
2.1091630343979366 1.015589397225316 
2.663248993232239 0.7874918393108336 
1.6446650913003982 0.9928307478721702 
2.0588933834070997 5.031043796413303 
1.6492061345667097 0.6233563983236098 
2.594973526054653 0.671859507163802 
1.8208079616011406 1.1208319267897326 
1.9204932140955244 1.7785488080893155 
2.257702167525566 1.141745543214224 
2.449587035355601 1.2113862728412057 
1.7009814436708208 0.9989492510132559 
1.8119657702082936 0.7007842592150855 
2.560692052858707 0.8859930568575934 
2.355926920360944 3.485778774654502 
1.6312681601255903 0.9859117645741149 
2.2924575804803218 0.9886229934274613 
2.1733853123372278 0.9882392605686667 
2.036449921374722 0.888009914509347 
2.192476959995642 3.895940935185055 
2.8952065482805995 6.28559156236334 
2.293673918670705 1.3341969580368578 
2.054179044787885 0.8670807672459455 
2.3522095772841043 0.9744511188061259 
