1.7873308971703086 0.48410105018763006 
1.3411293311655128 0.9617301437269421 
1.9570968915616407 0.3796017979844275 
1.933255575883603 0.39433367141812403 
1.8806910443979015 0.4067902012807365 
1.2740188698888375 1.647937232849179 
1.338031623299158 1.217615515105631 
1.5307447573409627 0.5734314214027761 
1.5571138218221972 0.5273996243435198 
1.4763421634362461 0.6301526838509415 
1.655918305845777 0.5186908653990165 
1.350429615978291 0.7402026487273408 
1.466497818813998 0.6525641402192427 
