1.4580329026791994 0.7019294946337568 
1.6367167145005583 0.6124588415273875 
1.4842712608917545 0.6758199487090032 
1.0992589778538029 1.9692455739029018 
1.0551880999813072 2.381484181930711 
1.1081906199404175 1.8024365453380535 
1.055093118259349 2.3830240012655004 
1.281303745921388 0.7652262835497834 
0.9935906491297541 3.952078512508029 
1.6563860490070694 0.6078384005863358 
1.1261580229073385 1.021350349844566 
1.5426482222567321 0.6753179024149727 
1.1688977964594685 0.9273419443938048 
1.7914000559270198 0.580259171123294 
0.961104144482649 5.751133073451252 
