0.7265063235744529 0.32714699539259023 
1.105893036274151 0.22526137489669143 
1.1073728369562656 0.22504875121090565 
1.0909856663254187 0.2344065669397529 
0.6234251756929717 0.45228416079600553 
1.1735495626550057 0.2181264269002537 
0.6674205228896801 0.3472842082026163 
0.6911594653714199 0.33924594945520453 
1.1088602061941735 0.22004727076482272 
0.9197384183090855 0.256192549879916 
0.6221671874414872 0.4539518280978149 
0.5164749424296021 0.9115744763508943 
1.0922090402829228 0.23430742006648622 
0.6421533688908755 0.36152130836895474 
1.079997464424057 0.23529068898401 
0.5430552970768956 0.8550133035240733 
0.6032212755469678 0.6325851513686026 
0.49018957468336527 1.1938748470489813 
0.6153575195160121 0.4815142360300674 
0.7265063235744529 0.32714699539259023 
0.45275200788585873 1.491049522823139 
0.505422470283385 1.012078867322547 
0.7752681044920147 0.2919740141249483 
0.44860523403611047 1.4944533730330865 
0.5036864702782721 1.178223584374962 
0.8753480201692582 0.27517457045832944 
0.9565704206416444 0.24995004356233774 
0.9326513224873564 0.25570922974859756 
0.6314212096884593 0.37699335924975125 
0.6627343877032759 0.35362948399503197 
0.4699316679443375 1.2298847213307345 
0.6398751174096041 0.37514894970508506 
0.6314212096884593 0.37699335924975125 
0.6212252700576923 0.4659094924733985 
1.079997464424057 0.23529068898401 
0.46195399916483104 1.2382687505137147 
0.9176749412568445 0.2670338483392288 
0.3907113222042594 1.630465338305117 
0.4579127566507022 1.3102567700507899 
0.5454011900866614 0.698641781167356 
0.4541086342502711 1.4134913877117554 
