1.240123341694645 0.6021678911444828 
1.1763332563453834 0.6395496853162208 
1.1760366773972653 0.6397510676070908 
0.981224404034706 1.4324091318856582 
1.240123341694645 0.6021678911444828 
1.0690546241363874 0.7078313302960269 
0.9794117915730889 4.997514088003752 
1.632923245792013 0.3846697047946074 
1.065129666642052 0.7119615502384941 
1.2650676566751067 0.5956851957503266 
1.0048226556721427 0.7757188793508346 
1.3338862457147629 0.5513726333539299 
1.5079148927266908 0.42757542948815797 
0.9949868172197358 1.3405341184094208 
1.3746104854996486 0.4973504956062811 
1.1458781598785652 0.7014115909098934 
1.065129666642052 0.7119615502384941 
0.9108505015065421 5.100836460408205 
1.1873242626082647 0.6074845690222094 
1.346367949161368 0.5500704906146583 
1.4463881651903285 0.46818645755281085 
