1.6816769648141274 0.620572306754806 
2.390979007608596 0.6093611222257336 
1.3727297332464192 0.7773092907596822 
1.6151582259755173 0.6293509600386292 
1.3444510879079505 0.7911804443202219 
1.4574364237387676 0.7161569507387195 
1.5355302884431623 0.696713501097705 
1.173504323798985 1.1817102360475011 
1.3289866877608443 0.958132117587734 
1.4516784504448157 0.7420759380865213 
1.120723510501792 1.413007650851527 
1.3051714642888572 1.0751502378184161 
1.2427228251471614 1.1719704544067855 
1.1556757895716248 1.2720343703953365 
