1.919789225218062 0.614351105190323 
1.1567893819311021 2.0681672067674177 
2.298599797966215 0.6046589322576437 
1.7575585153065472 0.7826496453107652 
2.3026235674214215 0.604509401733157 
1.8465389993015078 0.7142979786373094 
2.8689653787550955 0.5262689903202366 
1.8726409371233674 0.7135279966752389 
2.5143475912681055 0.5641121308560375 
0.9813828776333994 2.0867077979924926 
1.5056871339289968 0.9394506704853963 
2.577788015910363 0.5563215816761865 
1.1701122521284033 1.5607514334390427 
