1.267468080935121 0.7444738110141157 
1.7148135145285073 0.4776661718396563 
1.1034333317789184 1.5851694880529477 
2.0598432025411455 0.46229995925985135 
1.1660433784627797 1.1378867040672613 
1.3600195804886455 0.6470490844469334 
1.7025979095799062 0.47812883737213174 
1.583076425214235 0.5279566280404925 
1.6228898592475645 0.4929961946726617 
1.5628718064919649 0.643997636599798 
2.130413745703357 0.4098672361229531 
1.794451459498462 0.47225908974867414 
1.1773394639900232 0.9179630691203593 
1.5827085534161371 0.6373775936070732 
