1.7261586994112954 0.42239902899463166 
1.2330140150292515 0.679872095687113 
1.6633673616289462 0.43034253546414114 
1.3731959522247466 0.48980445952890156 
1.205433340403295 0.6949461497231869 
1.2552876807216362 0.5358609948841212 
1.0567806240447688 0.8029333054718386 
1.3962535671802576 0.48089516958724177 
2.2004313090982532 0.396387562861784 
1.564247853599081 0.43178230769228876 
2.392482937758452 0.3901744256569985 
1.3962535671802576 0.48089516958724177 
2.2004313090982532 0.396387562861784 
1.2062009305247454 0.6949066542743286 
1.0000311473113994 0.9354619125829308 
