1.9441674932392434 0.501664161865365 
1.299653486245326 0.9124875925186883 
1.9870449497298157 0.4750027965327535 
1.882230954029863 0.5161407809851402 
1.152719666092166 2.4050680787685565 
1.2413886064875783 1.3705619148707437 
1.762544792426553 0.5161665863629189 
1.4933881954877068 0.6847325966829017 
1.4238853557534463 0.7377617401108398 
1.3655062405769836 0.8013592377361558 
1.4484270092802687 0.7142536805071482 
1.435870298820364 0.7158821593266165 
1.3764643788744806 0.7884794655982614 
1.2895487934159284 0.9268154006393721 
1.613050212044067 0.5224429962924517 
1.5261642327432483 0.6318368815824589 
1.2228775918555994 1.926233081546082 
1.598606215938984 0.5940533687031764 
