1.0634500301494434 1.4381055621368688 
1.0493739206730572 2.1863948228141967 
1.6417159891595814 0.45894953460548227 
1.6151253709307223 0.5254539824689487 
1.4424273872069666 0.5568036805352189 
1.1265490051630078 0.9915682825381303 
1.045594872028435 2.196594750476127 
1.2260357769653423 0.5858565312364264 
1.9855663623001691 0.37563735776826107 
1.460646676281182 0.5418952069676438 
1.6417159891595814 0.45894953460548227 
1.3861100046147468 0.5599339328672035 
1.11856357329297 1.295070686419205 
1.2071900307898131 0.837216319048584 
1.1297925427164324 0.924642628628541 
