1.1481353977897852 0.5567596391809404 
1.6435577063124176 0.22470356802745103 
1.1248396216007153 0.5846963355241668 
1.211306502860014 0.5120161369949281 
0.9504360710690268 0.7015543362278388 
1.211306502860014 0.5120161369949281 
1.2164848078757076 0.5009460801468889 
0.9620602995345549 0.6753490937656608 
0.9720837085022176 0.6068133298060562 
0.8942842424157637 1.098073489892966 
0.8322772187903771 1.227441451561888 
0.9366466442846988 1.026930705202099 
0.9720317038705255 0.6068532334940056 
0.9245273274113345 1.0741781434327733 
0.8773138560725777 1.2021302668150877 
