0.27980150964718814 1.9974811187284183 
1.19632583685519 0.2051902971564808 
0.288720505224099 1.392402652382002 
0.28430365721568984 1.6207359609904832 
0.2825942578724524 1.968094775457235 
0.3007186927576864 1.160224605332977 
0.28685619579864446 1.5935919162559669 
1.1377876358652999 0.20747778423563804 
0.7593168263178672 0.26768985855798333 
1.076199082056657 0.2105900715275405 
1.027060589834702 0.2157407200211666 
0.9266293521113886 0.22052792091205647 
0.6871770595634153 0.2854486442243619 
0.5175367784297806 0.3666889578583189 
0.43910264119743964 0.4674922147932705 
1.193413361080404 0.20523678274997909 
0.48819970970792026 0.4596254129880241 
0.8706831215503764 0.22868862182002114 
1.0326950890298048 0.21559747663182693 
0.3014443947615839 1.0750374238259017 
0.9165929817733028 0.22508461701941554 
0.401542907789234 0.5951126725128139 
0.3102197360818336 0.9537783758475066 
0.37115916259453674 0.7028176108065182 
0.5084270672407668 0.41047408340643093 
0.3977194560057187 0.6561656996077624 
0.5589392047246796 0.3649141095252202 
0.4222367659456871 0.5183615447424167 
0.351082965032377 0.7537681146681537 
0.6394139721875309 0.317926079979863 
0.3315213052748381 0.8686138387853474 
0.5634449903538465 0.3631752551077845 
0.3158482571468922 0.9080047042432575 
0.3545694753252766 0.7206920024777284 
0.3858416140636613 0.6612421853962402 
0.7892704875731414 0.2572864459908925 
0.41007823866209314 0.5361258845952 
0.3051455003523701 1.0447086508704664 
0.30787369036213064 0.9841145598461027 
0.4336512682077426 0.5016870278375894 
0.6025155605085891 0.3247811588993599 
0.6310122721824418 0.32177323577167977 
0.34265670612381127 0.7757633251019648 
0.33997807129246904 0.846828246940255 
0.340420455379281 0.8277854260238762 
0.32454991490257146 0.8901396334822249 
0.4092966724322097 0.562186178981505 
0.36860815991693535 0.716910417160536 
0.40870264585009053 0.5852480833626241 
0.43448377588520304 0.48072646376175515 
0.601935920030967 0.32497308673533276 
0.8317569079940482 0.2436425519925812 
0.8531942985783891 0.24353460749343092 
0.5851988228465206 0.3343630666117606 
0.5854696440272781 0.334355329504792 
0.3431342154384469 0.7751585454353328 
0.6590251185856398 0.3017338857901798 
0.8242656903627739 0.2452719717798485 
0.30787369036213064 0.9841145598461027 
0.320292186318171 0.9016080844991803 
0.49185666070685263 0.443434063633619 
0.3042165838677873 1.0716893120240931 
0.4995191525582753 0.41744928961789574 
0.8643668943640928 0.2420393692221646 
0.5851988228465206 0.3343630666117606 
0.30500745674593643 1.0475027562242012 
0.6851322185884625 0.2933573654100031 
0.49897397611612226 0.4312197761765641 
0.6772322153704082 0.2944713621234971 
0.7897279753936903 0.25706233247392635 
0.8018682852338751 0.25566023310783403 
0.9266293521113886 0.22052792091205647 
0.28208145430513526 1.9870848417396536 
0.8153481411153489 0.25027741483066107 
0.8535566772549087 0.24349327918275201 
0.9165929817733028 0.22508461701941554 
0.8076830312316625 0.253254816471059 
0.34005524203757564 0.8278093662877256 
0.6310122721824418 0.32177323577167977 
0.49006431004890944 0.4484506563275557 
0.8688770116111382 0.2347235994448112 
0.6704362934253975 0.29784902004943264 
0.6726443824895614 0.2955405973573842 
0.6590251185856398 0.3017338857901798 
0.831349993108419 0.24364597032410784 
0.8673000630632303 0.2410789616113377 
0.39134624744640084 0.6609060827411573 
0.28036652837680964 1.9957200339565615 
0.4890347442678036 0.4572068727706706 
0.6644808994538031 0.29820981506148875 
0.8147881129544969 0.250368622372814 
0.8061602055131741 0.2548451725023408 
0.49897397611612226 0.4312197761765641 
0.28226620341349723 1.9750821283428899 
0.39134624744640084 0.6609060827411573 
0.6626263419062552 0.2997431010990911 
0.3860582988997841 0.6609331085485118 
0.5632426996011299 0.3633471132342638 
0.5589392047246796 0.3649141095252202 
0.8018682852338751 0.25566023310783403 
