2.1777650419435783 3.3078965432240524 
1.6414690572799633 5.020829716964225 
2.1865405862390213 0.7592022398422319 
2.5063787931643335 1.6098552120560712 
1.8445137212713902 1.145536752859182 
2.245752588669247 1.0405494912714324 
2.5447760802627557 2.414676266625812 
2.141083166057548 0.6010970521716791 
1.9845956478923867 1.7429131850211277 
2.2042810587665485 0.724594218214777 
2.4457392703792604 0.7916313070435197 
2.2341989903659862 3.1324136257327866 
2.183436423133691 0.8250907410683038 
2.089794549017568 1.7098426605904784 
2.0668474393403877 1.1875541456128775 
2.4139421960601775 0.9839258973076118 
2.1742313907414035 4.751091073472167 
1.7747963486489682 1.1690875969245758 
1.964246124090208 0.9419446118069864 
1.8415559259834913 2.620748982062217 
2.912971514918049 1.4207664826533695 
2.031735363949687 18.28390164942544 
2.356677372340421 0.7041096721386148 
2.2324300137234787 14.653065981773423 
1.555337649414769 2.377289860396822 
2.3884486601306856 1.6876145755446246 
1.6245943729591896 7.685320211012316 
1.9600566985299066 3.3455259009157343 
1.6306516671850435 1.9994570272387702 
1.8073937814103236 5.25736536663848 
1.9728637083907945 3.9985589015805867 
1.8820454919867522 3.4052283406522577 
1.7617925419864928 2.2780271979256486 
1.9661634685800402 3.293642487540267 
