2.1300724470218175 2.395080829432714 
2.04709243546964 0.8351151868152795 
1.706510187922607 2.708897272644529 
1.8381963826777987 0.711450561164583 
2.4422013745238034 1.3161113037423449 
2.160907931986548 1.8499953707768364 
2.0364533363610446 0.9245578102743515 
2.1262891005657494 1.376529355484921 
1.6800626840518047 6.233426361672371 
1.8940039869592284 3.6439359937592113 
1.9919328853298166 0.9408014253911622 
2.843016496397872 1.4394189415165026 
1.796058608137894 3.1032631148214724 
2.1194998981650985 7.32675112820423 
2.0889431692572162 1.2001058986078705 
2.541265170188905 18.103368928723288 
2.194742324482909 0.6905010943386307 
1.834967855820119 1.63284084748539 
1.76785297532915 1.522034040377224 
1.8893276560474723 1.2712171641267098 
2.0179086564787196 1.2021999899039673 
1.8566454199510158 1.2097430418675947 
2.133993762794832 1.1019380335200928 
1.8242936144911845 1.207516593049957 
2.2924419772101046 1.0771149821998276 
1.67553054615329 1.4928725366959001 
2.4259211126876066 1.9412923935808257 
1.8228958212634594 1.3167612926553176 
1.54642896563304 0.6478552379745158 
1.8762112821543981 2.223518166777921 
1.3146992225577245 2.521855662674969 
1.9257538828490128 1.3081713812346738 
1.5527340062852073 1.1748263742596714 
1.7213303646866556 2.3225512711516125 
