1.8928005143805846 0.5392739154478026 
2.0229755681292216 0.5068615990908714 
1.4783047810792591 0.6533162973662492 
1.46506474757659 0.6572683805438871 
1.0998393701463478 1.5861874875139519 
1.9380608305617606 0.521859429158743 
1.568292935360441 0.6244842289858067 
1.5741943878162945 0.5875724617209683 
1.0315397567489832 2.8672273929535463 
1.2948750967292946 0.7770709710207887 
1.1495384577776036 1.0984220708692014 
1.1475594886139278 1.4117195769915172 
1.2227404150465346 0.8986621152726308 
1.2984638140162148 0.6704142627941053 
