2.1103184896491207 1.1390054255123567 
2.531204015121859 1.6124727346881402 
2.7076706116321376 1.2181919042877711 
2.043825966795093 0.9792202040585574 
2.0884335723821787 1.3981273675147898 
1.9877006696668558 1.5194803247061677 
1.8494797838739383 0.8438250288087243 
2.156275771508908 0.740422868259774 
2.1123374501643726 0.8131022665809905 
2.3649575630162962 2.7469565268623772 
1.9864717399209302 0.6436602897793653 
1.908281185177703 2.7823710810790607 
1.7710382459259346 1.4087499207353378 
2.3263673678407155 3.409789540821227 
1.7127070013180687 1.2453056554473145 
2.180145446326898 1.5833833341189538 
2.0166188728777263 1.219327454879927 
1.7786309419438548 0.936724644537444 
2.3034977930314184 1.6921572762399744 
2.8624088511241963 1.705988965155016 
1.816158785456905 1.675021992515298 
2.2878736186269237 1.4513449251398425 
2.2903458561139822 1.1197353633216083 
1.7905224286114831 1.2460071153195778 
1.7942899979563025 1.4020083414524755 
2.325145157806773 1.1659274599835723 
1.8699585896882949 2.0174126199953117 
2.214034706370563 1.0608655240685607 
2.1785733144175037 0.762991216180354 
2.4783533138093707 1.076080118480585 
1.9038147594323593 0.9155142506048908 
2.380292423246183 1.3178716742970447 
2.0167944862936524 1.7306631215883386 
2.0585851674219904 1.0124446355942895 
1.8999906751747817 1.2050482956728996 
2.382840731541441 0.931280589633926 
1.9140091748587746 1.1744415982175411 
1.8630441354651 1.0727064914712903 
1.6510692621631542 0.7645940615157731 
2.569978274524835 0.9988167374751105 
1.7456898255390003 1.1262633942784688 
1.815407321583846 1.0951444868722002 
1.7230710789939738 3.660245103344513 
2.2642822713662247 0.9521882447993002 
1.6350236366710087 1.415758175373213 
1.9667323482398307 0.9219010078379134 
1.8892396677084586 1.0610775705695399 
2.150136662703412 1.3757652051484761 
1.7397089598093702 3.939230384998192 
2.3175712907405184 0.9450350544936164 
1.6343649394728108 6.135786457699833 
1.8545992210863291 2.57299877668835 
1.512799145440275 1.8816441523194671 
1.855843742872426 4.333820075653687 
1.8670773481052747 0.9910695730270099 
1.9681714742009337 2.3980017181466953 
1.2347499450700048 1.3918733954206208 
2.1784343832619646 1.4233765895031836 
1.8346221474408526 1.4682227446330567 
1.7526392783792681 3.310342777649605 
1.5097606760909095 1.8032758572248793 
