1.191672772275507 0.8730685823766271 
2.0016957137654448 0.5052280671497207 
2.3735854726118495 0.46489739360339283 
2.314147485386381 0.4694834335524787 
2.063807309952988 0.4849465674660337 
2.2234774441566167 0.47027227809067396 
1.0591443034075432 2.447979987162677 
1.1904266014075906 0.8876433109867242 
1.8154428646980425 0.5121189624338743 
1.2224716963643667 0.721804568637041 
1.171579543015289 1.0698479303200927 
1.1601525437852076 1.1023090144071002 
1.1904266014075906 0.8876433109867242 
1.4885972530416611 0.556935195583951 
1.7472264514443794 0.5160557039950747 
1.7186709738990356 0.5448715080291051 
1.5263490008750293 0.5480862027602698 
1.7412655323418669 0.5391935700611048 
2.1629673693371805 0.4770541789465532 
1.1058079618801073 1.1875581944080755 
1.3612261165433 0.6628642566772929 
1.463729966417767 0.6117764029259011 
1.0700107061940611 1.2279311479354114 
