1.4704604235054997 0.4938194922537385 
1.0892429833031054 0.8143625029239652 
1.7263067389276392 0.3563115287840153 
1.3587658572215258 0.557696310538904 
1.372415470308397 0.5518843871088126 
1.353200008188532 0.5640615131494835 
1.564156954673598 0.4111531616568231 
1.5114997866401778 0.47703207934012265 
0.8335188149220415 1.4057942973893034 
1.6228214845690416 0.3914576475812346 
1.2204531569649495 0.665179088872459 
1.517282684726331 0.42164745409233007 
1.2661876656312 0.6441038697101268 
0.9105733228983851 1.0377300841445105 
1.8034412986803134 0.25499768341975076 
1.2920663945693862 0.584154017928589 
1.335535665111323 0.5651193341898781 
1.1031751605817086 0.7104521907193992 
1.1710137581317022 0.6958903284882731 
1.274922906708273 0.6226765731213488 
1.4518327225169594 0.49870474901136824 
1.0459719677574346 0.8869440666808726 
1.4125650995575962 0.5112414896312415 
