1.8348209643010844 0.5179632925084634 
1.2235534035472888 1.0604215162909116 
1.124588722729583 1.467769636316776 
1.0728771995459854 2.1146151728590814 
1.2608172502374615 0.8495091531020863 
1.379468339846691 0.7088254791089387 
1.8582309073432173 0.5131740339241438 
1.990690744415812 0.4960117570992745 
1.1688054332497995 1.2051933949979199 
1.3004748444119336 0.8156741626783488 
1.489643677269223 0.6872965999348787 
1.116094852462406 1.9514131724082686 
1.6158091532894843 0.5356288219166869 
2.1862572126909288 0.4697168635236216 
1.5011444888315915 0.5412002896348282 
1.805187316830496 0.5276847905285903 
1.9593381155249974 0.5080074980400638 
