2.2161234691992493 0.25610337914315984 
2.2161234691992493 0.25610337914315984 
1.6311310388993114 0.29124666808992855 
1.254130753682154 0.40179172501501664 
1.254130753682154 0.40179172501501664 
1.2172127621830422 0.5801361105000958 
1.2054106090592367 0.5903776145539792 
1.2054106090592367 0.5903776145539792 
1.1827974537699508 0.6236140074209395 
1.1827974537699508 0.6236140074209395 
1.1982755698858163 0.6045768565380832 
1.1982755698858163 0.6045768565380832 
1.1500014452545362 0.7580588083578236 
0.9194186611797949 1.0647545273033203 
1.1500014452545362 0.7580588083578236 
0.9194186611797949 1.0647545273033203 
1.1807327149234916 0.7341129640610308 
1.1807327149234916 0.7341129640610308 
1.1141684589990093 0.844663199618058 
1.1141684589990093 0.844663199618058 
1.1156259307374627 0.8328661120724683 
1.1156259307374627 0.8328661120724683 
0.9884674132050109 1.0155717926392982 
0.9884674132050109 1.0155717926392982 
1.076358535859482 0.8816233178299333 
1.076358535859482 0.8816233178299333 
1.0505401179790093 0.9201896897103401 
1.0505401179790093 0.9201896897103401 
1.0251597593788957 0.983336509215512 
0.8652179273190372 1.3018133916992887 
0.8025905993561698 2.2553700318055157 
0.8082987693908746 1.5985768757127998 
0.8025905993561698 2.2553700318055157 
0.8082987693908746 1.5985768757127998 
0.7738198037105571 4.012037247409016 
0.7968730634623287 2.643770414338011 
0.7968730634623287 2.643770414338011 
0.7367602214133961 6.250393034572325 
0.7367602214133961 6.250393034572325 
0.7738198037105571 4.012037247409016 
