1.6278953286088098 0.6134566852542228 
1.343086023085514 0.7723320848163824 
1.2358991546508606 1.037775716509292 
1.3623043730887525 0.6840580245263098 
0.9575213741590062 2.1198887863955127 
1.061466640152138 1.8968645696045283 
1.2581837573599015 0.9407292457282221 
1.315714753004617 0.8219534687219654 
1.8845216692724698 0.48099633064599256 
1.8238448602043489 0.48970102030591933 
1.9423633751405889 0.4670329893336208 
1.1067712012461564 1.3835220307807337 
1.1524525935271133 1.3412389577821433 
1.1820992086398374 1.1019360714994397 
1.0966352022603343 1.8846691968230653 
1.159119224577482 1.2322135916990857 
1.6612319832612505 0.609603160327238 
1.2568499963757016 0.9856199824339208 
1.5526207257216857 0.6215509987822018 
1.3804230073511763 0.6317839663389415 
1.6288019298855003 0.6125360139688133 
1.6703506788842923 0.5280501475719718 
2.0534430766522407 0.4388767917319085 
