1.3235189196401584 0.710971494943361 
1.4230095537192518 0.6465599813308497 
1.2482690161904546 0.7257167375243927 
1.0721375801067798 1.2481912858706192 
1.4310756718086606 0.6361074473415378 
1.1659371597797312 0.9018170555465127 
1.2701300375761289 0.7160938354173485 
1.60711190722988 0.5645208023801115 
1.916274122043269 0.5524898763785837 
1.3915858879587342 0.6669744249646732 
1.177297284061821 0.7661025280568298 
1.3341756145184247 0.6761072925824787 
1.4618514051094622 0.6245542291758973 
1.5653188646755287 0.6089589871866432 
1.146587514889414 1.0422026897264554 
