1.0438832582259863 0.23220013014469193 
0.8041185914549672 0.2891812722984684 
0.5756166928595744 0.44994472532613333 
1.1925183552506662 0.19402134385167333 
0.547390946062971 0.524257399775029 
1.0772643737958387 0.22407561171040224 
0.5512708395508686 0.5171576326038819 
1.0448272132517455 0.2317253942692613 
0.7353796455991896 0.3740354548588436 
0.5756166928595744 0.44994472532613333 
0.5665441022656518 0.49032354033603104 
0.5756166928595744 0.44994472532613333 
0.7644814459326575 0.3011821538799035 
0.8975829190394035 0.248423503912173 
1.0854984425125318 0.2204009431506375 
0.5695973177445827 0.48682400787780306 
1.2058263976834782 0.18833336932317424 
1.0423019717937765 0.23232586155999294 
1.1721894612482568 0.19845368384614795 
0.5007756057763545 0.7179482152158775 
0.7457146145435818 0.3637853344236628 
1.1696962684402294 0.19871732002850476 
0.5013105226502843 0.6317447471951079 
1.1808360479995792 0.19430626941756224 
1.2155852464054 0.18703073970713927 
0.9163580178538067 0.24649615056866256 
0.9680866605284463 0.2345661478338401 
0.5754403937420604 0.4511942926636118 
0.6825569257965909 0.39725393733586645 
0.5123727204413205 0.5249262791738049 
0.8118306185301192 0.27965727716560346 
0.752579436294151 0.31929500593816573 
0.432556767899578 3.1816280358883784 
0.9680866605284463 0.2345661478338401 
1.0932021590857488 0.2007215592575718 
0.4360803219324925 2.1498089504517153 
1.284500748738861 0.1839185921498828 
1.0880063352405693 0.21887503736645336 
0.5859239365871454 0.4380423481001459 
0.6847941511741129 0.37636472890546263 
0.8672970730987859 0.2637152454499409 
0.4450481409974311 2.002398474521336 
0.36210104429619766 3.733153370781071 
0.6453576195109435 0.42033958444033337 
0.3898702870455901 3.322832418786557 
0.6342965907940445 0.4246385905595676 
0.5961673962693295 0.4321775030316682 
1.2121073839582037 0.18735758595696902 
0.46628048452811843 0.7206072117527015 
1.048867533248447 0.2247310916239425 
0.43642257934859335 2.1360622269790155 
0.4499866024331688 1.981480317881956 
0.4622104506301558 0.7879850070763682 
0.5123638965084283 0.5252080026222254 
