1.6331745710587486 0.5489373935964597 
1.0462910444248168 3.185774898098729 
1.0824408910154233 2.651588667988883 
1.5258816154042056 0.6382752953113239 
1.3863065470255702 0.6789088731005104 
1.1926355859690283 1.0603343628895603 
1.5891243776154953 0.6367109899378063 
1.3144723302773362 0.6904407291074859 
1.6042147772314297 0.5600551798080005 
1.2947908058754019 0.7302410790353422 
1.271341533144374 1.0074073549073614 
1.400325155663809 0.6452548870430649 
1.1132435977487147 1.8724696760085107 
1.694050049508099 0.37058367211502913 
