0.9608351361637827 0.7617993866921138 
1.5348799223568284 0.42251911973252165 
1.0857089475532737 0.6486841624231132 
1.9261280065479092 0.27888872872436393 
1.1433984220770284 0.5836519220877974 
0.998714784535226 0.6610062435601032 
1.2634452363508486 0.4703835853332576 
1.5528844834767435 0.414181139478715 
1.1762347856313549 0.4993092148093416 
1.6624792568626774 0.3953456829012652 
1.09209830604334 0.6148850501058534 
1.1847264159891309 0.4881651161292861 
1.3626870985106962 0.4406108637919797 
1.5175314173127683 0.4299615353469002 
1.6924318642594687 0.3778097897028027 
0.8022142840801602 1.3732991593524064 
0.8776905774201961 0.8351481724903328 
0.7274551879012593 4.60853613673288 
1.7203341668680905 0.3078584568009523 
1.5776516529691813 0.39995268812816154 
1.4342500777716434 0.4323751368864428 
1.4543733584684533 0.43065579628989337 
0.9555211757605955 0.8325531919856407 
1.6613751867608657 0.39582357441874716 
1.406617775235287 0.44056388725549994 
0.8458280714401082 1.2582438380968917 
1.1359134281900818 0.6013385725697467 
1.3281719259919194 0.46131447213283766 
1.1547279230296805 0.5314385814659424 
0.9608351361637827 0.7617993866921138 
1.5619714701761556 0.4124907495696397 
