1.6764913878678185 0.5546090942056603 
1.8658514063701594 0.5196844295035051 
1.6764913878678185 0.5546090942056603 
1.5951761337335175 0.601559209466246 
1.1592331327459937 1.0311966386592264 
1.8888808734499518 0.4615122103963986 
1.6511766794450686 0.5888716484367713 
1.324855143739293 0.6868144613609117 
1.4161547279732476 0.6089907287352481 
1.8175141037365186 0.5467503604723872 
1.13801264535762 1.077979672201669 
1.3833150491065724 0.6463438798961646 
0.9375120148938566 1.1178395643287469 
1.264769625912342 0.8572291727422007 
1.3108247236825035 0.7565411718011448 
1.2166965866958241 0.88030152816483 
1.288813658793655 0.7580356140644979 
1.3227481338937435 0.7214645543237811 
1.8407635146053511 0.5445527234926184 
