2.118672896658237 0.4969503767713533 
1.5357148892448353 0.5728572290327093 
1.359361352394022 0.6460225045602618 
1.0198641414048735 1.6871156638712022 
1.0939667847281282 1.3383011224836496 
1.1374946748852917 0.6910642180319646 
2.135637743221845 0.47779578973888454 
1.1162427532157273 1.1628019279070185 
1.1244555920112005 1.069117971441568 
1.5218447673663718 0.6097173682047861 
1.438634116395698 0.6397835827354261 
1.4852936607524838 0.6278044444401415 
1.1288000417557078 0.9481090890339291 
1.7965285460022105 0.49700485430955965 
1.6977450158926943 0.5102422057627375 
0.9962520774842799 2.79803987894069 
1.6007945733088516 0.5176949254927892 
1.1220354534436876 1.0779970367704053 
