2.2964003121781373 0.29346580916629206 
2.298702058289924 0.29257870865967267 
2.2964003121781373 0.29346580916629206 
2.3485841729011234 0.31621027199378765 
2.485717941120623 0.32890409890477423 
2.426345730220654 0.3000840990857281 
2.4517570025353574 0.38624711340351425 
2.298702058289924 0.29257870865967267 
2.3485841729011234 0.31621027199378765 
2.2032612063483836 0.43478317973518305 
2.2032612063483836 0.43478317973518305 
2.1913837719936886 0.45175289590058254 
2.0700542208386796 0.4603574748479392 
2.045490230237608 0.4599965135440071 
1.9785707454220527 0.4752575639509037 
1.9390229958358167 0.48096573752628474 
1.9295717667109538 0.48100095053129516 
1.8942078434311231 0.5089089132877163 
1.8760329016772692 0.5126164035082583 
1.7963527414031188 0.5170373492016673 
1.8119666142312514 0.530721362036714 
1.7963527414031188 0.5170373492016673 
1.7626436638929939 0.5353925405206594 
1.7407872023443312 0.5386767117791647 
1.7202011750963961 0.5622916088884524 
1.7202011750963961 0.5622916088884524 
1.7363292008461046 0.5298126949042826 
1.6127203123369467 0.5989826994921593 
1.6622245666456161 0.5408975620430535 
1.655401125533538 0.6412184954359195 
1.5171221939999178 0.6288441994822371 
1.5551363447445379 0.6365050408672129 
1.6442886439455784 0.6529732729747691 
1.5853090183978913 0.6555364883671313 
1.5171221939999178 0.6288441994822371 
1.5724153606275513 0.6613010152366707 
1.5514082582035944 0.7120054316675883 
1.6127203123369467 0.5989826994921593 
1.5514082582035944 0.7120054316675883 
1.6201102333577742 0.6676421709251521 
1.5724153606275513 0.6613010152366707 
1.5551363447445379 0.6365050408672129 
1.655401125533538 0.6412184954359195 
1.645835900907388 0.6171043774456983 
1.6116812886662624 0.6786364310615103 
1.6591014008851843 0.6361912313680133 
1.6127046281108408 0.7403474443364217 
1.6127046281108408 0.7403474443364217 
1.4963714815721467 0.8877165245530699 
1.5563982120830109 0.8451447954703146 
1.5065930646723273 0.9134554210269689 
1.489971900730632 0.7948278464170431 
1.5123116177925562 0.7514122543978239 
1.4963714815721467 0.8877165245530699 
1.5065930646723273 0.9134554210269689 
1.530354199982075 0.9347600387227137 
1.453460022721592 0.9022993002309504 
1.4056176370713818 1.0405747125728626 
1.3991620275756318 1.0284125398853383 
1.4309885136352498 1.1052061934264439 
1.4329447073369612 1.0353260090707954 
1.4056176370713818 1.0405747125728626 
1.3954920659878272 0.9987957609812814 
1.4329447073369612 1.0353260090707954 
1.3773860125127597 1.259243629907186 
1.4530161465950262 1.199446323783494 
1.4530161465950262 1.199446323783494 
1.405984579235994 0.9948556954121618 
1.3566758795326146 1.2632820777712048 
1.4498073491034336 1.181343956905865 
1.3773860125127597 1.259243629907186 
1.383776852128363 1.3945148579128546 
1.2465158094371864 1.145335300533799 
1.2427955593537983 1.3559538029508633 
1.3566758795326146 1.2632820777712048 
1.3078948787531086 1.7574615798522446 
1.2830464667762014 1.5728712247463914 
1.2465158094371864 1.145335300533799 
1.1902586173930172 1.6151944973709629 
1.2375899795956928 1.695977157208237 
1.2375899795956928 1.695977157208237 
1.1902586173930172 1.6151944973709629 
1.2026469194567968 1.8575233311366617 
1.1731923542718443 1.7695869977321348 
1.1731923542718443 1.7695869977321348 
1.153399686553284 1.970982361087968 
1.1272306894800113 2.0564020586723117 
1.060665911728093 2.1056264676227823 
1.153399686553284 1.970982361087968 
1.060665911728093 2.1056264676227823 
1.0852849355026064 3.1924748588602356 
0.9863937959510019 2.8386593382524565 
0.8838266080726846 3.575070217824082 
0.9863937959510019 2.8386593382524565 
1.02300981818598 2.529804637091883 
0.9076544218575915 2.9812375081954405 
0.8838266080726846 3.575070217824082 
0.9652458344134511 2.9111897818850205 
0.9265416433416136 5.167761006945919 
0.9265416433416136 5.167761006945919 
