2.1463069878552803 0.4614967524645969 
2.1463069878552803 0.4614967524645969 
1.9207214496091052 0.5173000001849075 
1.9207214496091052 0.5173000001849075 
1.1708355334462415 0.5465198265797457 
1.1632397309612827 0.9517721141104993 
1.1708355334462415 0.5465198265797457 
1.1632397309612827 0.9517721141104993 
1.1465118250972897 1.0360961558244621 
1.1465118250972897 1.0360961558244621 
1.1453027820368296 1.0633521170413596 
1.0996609361326772 1.2673504458407916 
1.0996609361326772 1.2673504458407916 
1.101939295689253 1.1977232724715539 
1.101939295689253 1.1977232724715539 
1.0828678599262098 1.572300237725748 
1.0787347917759305 1.6666290044722136 
1.0828678599262098 1.572300237725748 
1.0559231341323578 2.2306724076745708 
