2.0962565639774215 1.2204860237431006 
1.5862887495264686 0.8014749195805099 
2.733170479220538 1.4633649040781278 
1.8349566477787007 0.897718987171129 
1.9531425266487308 0.7351746866547831 
1.9280838779206193 0.6672833339162336 
2.03390863205453 1.5174254980425026 
1.6774067930999397 1.4718593341986244 
2.0621355620804853 1.7517073457041084 
1.8824194438032487 1.7235823177774756 
2.098064954151577 0.925606111289619 
3.018282647329018 1.6859182083543687 
1.2474122565256622 9.711369949185551 
2.5861281010057695 0.8117060234132736 
2.3211292669195647 1.073237386351221 
2.0278183210317473 3.543413590548437 
2.7267903761477545 0.6292848455447468 
1.6574013024413548 3.325312794981687 
2.687273433827847 0.835044757199894 
1.5317290942910493 1.092585221841784 
2.0945081662874836 0.9335976974300791 
2.1481900399362384 1.0981378932313863 
1.8588896277455569 0.6180365997070175 
1.4272782681697265 2.4020210979219625 
2.03390863205453 1.5174254980425026 
2.0416166913525053 3.5585795291225844 
2.3008026330293774 3.3642185350300684 
2.2233158638119344 0.9361165524717958 
1.619885147237422 2.0225997153473205 
1.946301966946704 5.40878333743747 
2.1277832668665764 1.5246931451776637 
2.040271891559028 1.4561256898350146 
2.1252819344409084 2.715370331675596 
2.2769473291640705 1.1755819342896245 
1.4486787765165667 1.4543879706892393 
1.8815839599777253 2.945196558932843 
2.512766148075615 1.0707043768790845 
1.8662188216682951 1.5445327212644846 
2.215943817235649 0.9195072095474985 
2.4018942424440026 2.499261017324604 
2.8666546827186234 2.204446942917182 
2.406617954226281 0.8429886334483467 
2.443901221776788 1.1787692844998523 
2.4977009449265397 1.063778021565866 
2.563428237295313 0.6613976661478939 
1.8860231893236705 2.8740079545246346 
2.1121950341180646 0.8096978452030678 
2.694705566655304 1.7293528636289601 
2.1477219680055275 0.8639206478843602 
2.101104105256004 0.9255008180125901 
2.5584894618249248 2.4449538266965685 
2.2411214728841293 1.0546143427469785 
1.7681649281429581 1.4185698320480247 
2.7254742602714868 0.6297282886432877 
1.2427906881016622 9.702670850444962 
1.935209487321263 0.759147856788748 
1.8886371581500145 1.5587411825708606 
1.9848763849320323 1.166970415467717 
2.0399465224929036 0.8068888603209872 
2.220291333676629 0.8987949625902795 
1.8960324327165545 0.7685519499799488 
