1.7557863332076893 0.5281486580724264 
1.5398925954748228 0.6733810828407606 
1.6235807210988016 0.6621617077853744 
1.6947452516833708 0.5957307768361993 
1.3187253065341524 0.8520357125752963 
1.487646886416539 0.6765773492200412 
2.064540682712381 0.3445874641497493 
1.0506449482068168 1.4156522056045788 
1.1519969636208682 0.8642835491690989 
1.4820074317853869 0.690511950414409 
1.812376743597646 0.5025791228641551 
1.6344052290811582 0.607825736200565 
1.1160652498010273 1.1560176993313012 
1.0961463466418744 1.2311754288801802 
1.4090406409980845 0.7071566236208506 
