1.2115846646094142 0.4939579538061252 
1.01390923355848 0.7542250037834441 
2.2486177477178075 0.24626576067365546 
1.064469402152131 0.7385330879604484 
1.1893268107691557 0.5065420568827089 
1.9195489222121775 0.3296682841827834 
1.2226251348916952 0.3547284958933 
0.9364339449185101 0.9198755040110859 
2.2486177477178075 0.24626576067365546 
0.9013083500009168 1.067243165434434 
1.2240341241270734 0.35349095937013414 
1.0764858307584262 0.5298741478923419 
0.8868751257695732 1.0785247205817505 
0.9516551281170051 0.7776465101413229 
1.953148913353919 0.28686415936056897 
0.7199118891022334 1.4086923038629144 
0.8116578698857868 1.2080599669835492 
