1.1562084300384208 1.1283411932279492 
1.5983970670983405 0.35120542681831635 
1.4451473391307357 0.44410969560161895 
1.1967603163432494 0.8225016638580045 
1.027361915431975 1.4613490543575853 
1.1321300552102966 1.1540700810180726 
1.3081800407957536 0.6493072685973946 
1.3492758924030255 0.4899009591247133 
1.013267834254763 3.3830801253954834 
1.1253253549029603 1.4051046057796202 
1.5664552922065014 0.4425752542416223 
1.1587794200506616 0.9047113844350255 
1.0216685215589225 1.611977723279481 
1.2631595170366503 0.7506064034805697 
1.2965493324988009 0.7495450192756917 
