1.8965367899402774 1.205333410915694 
2.150616769618626 0.7420079586148517 
2.903312244910756 0.9139894075163166 
1.9794520161201041 0.9372842713795432 
1.649988307830262 2.2925969922754064 
1.8896508311979643 1.0484274957775146 
1.9196556401655278 1.4430627004291388 
1.9187878952236814 1.6865705723613404 
1.8459853540600935 1.088850291416528 
2.7625284933664878 2.2405528688754535 
2.2721471014927506 0.809936660667895 
1.5980825709942388 2.246314519526215 
2.3603526774692667 0.8847954179880874 
2.3381456699108343 1.2225523681977428 
1.7528426749700725 1.738037763181494 
2.301482816746734 0.679156444622114 
1.8043848910245244 2.2367261723778884 
2.1727447237236115 0.8705074227684771 
2.4266989552054743 1.1308224799326918 
2.33274108744141 1.6012627424407488 
2.095485440863643 1.0107510064876806 
1.842254542513853 0.9174531952524395 
2.0025079112933817 1.5673358684105883 
2.5670569008672195 0.7631541711262189 
1.4346693100713162 1.436647823199613 
2.079344121478484 1.4933929616669057 
2.009029752554033 0.8714194239955356 
2.0675330057516064 2.835296422669726 
1.679111557322342 1.3155606570699356 
1.9187688506861407 1.5269166445446565 
2.0440521093812816 3.241318676693693 
2.0152913005596407 2.887418000739335 
2.1599574882530255 1.1659448322526094 
1.696708823037254 1.5123066854156544 
