1.7028341900485333 0.5701593240836101 
1.3589673198161059 0.9058902321087715 
1.4708794487109293 0.8019361862280662 
1.3861457821204222 0.8181576112264586 
1.78483536865903 0.5279265511817218 
1.2119543925670146 1.0122773944770915 
1.6502309915759512 0.6640238823018336 
1.7875316289720373 0.45562918024702403 
1.1061788481082708 1.6671449179564746 
0.9734595846576827 2.1807334828432654 
1.642789670044803 0.700655819427942 
2.0438669315655393 0.4198341976971971 
1.6284779599907218 0.7736367464363625 
1.6342844158855863 0.7674376147673517 
