1.6855087017929065 0.5223122551227649 
2.019839925346544 0.3793549008670871 
1.7675976158553794 0.5172354327629041 
1.4619634802587318 0.8939279765405636 
1.425579920630565 1.1443505026456784 
2.5094624741200104 0.23596044521065596 
1.4724530465927916 0.6186220763836963 
1.445709344118375 1.0146844252852893 
2.266713860361645 0.36441025145318895 
1.259816806417258 1.3304182994807918 
1.8290765952469308 0.45766555154568667 
0.999377620862182 9.179866455175526 
1.0172376840974884 5.656099513991103 
